330 2
Enemy 200 125 -50 609569 120
Enemy 200 225 -50 609569 90
Enemy 200 325 -50 609569 60
Enemy 200 425 -50 609569 30
Enemy 325 125 -50 609569 120
Enemy 325 225 -50 609569 90
Enemy 325 325 -50 609569 60
Enemy 450 125 -50 609569 120
Enemy 450 225 -50 609569 90
Enemy 575 125 -50 609569 120
Enemy 575 325 -50 609569 60
Enemy 575 425 -50 609569 30
Enemy 700 125 -50 609569 120
Enemy 700 225 -50 609569 90
Enemy 700 325 -50 609569 60
Enemy 825 125 -50 609569 120
Enemy 825 225 -50 609569 90
Enemy 825 325 -50 609569 60
Enemy 950 125 -50 609569 120
Enemy 950 225 -50 609569 90
Enemy 950 325 -50 609569 60
Enemy 1075 125 -50 609569 120
Enemy 1075 225 -50 609569 90
Enemy 1075 325 -50 609569 60
Enemy 1075 425 -50 609569 30
Enemy 1200 125 -50 609569 120
Enemy 1200 225 -50 609569 90
Enemy 1200 325 -50 609569 60
Enemy 1325 125 -50 609569 120
Enemy 1325 225 -50 609569 90
Enemy 1325 325 -50 609569 60
Enemy 1325 425 -50 609569 30
Player 1255 972 5 
Bullet 1125 853 12
Bullet 1168 703 -8
Bullet 450 237 12
